ftv47.atsp
Finalna Droga: 35 34 32 6 24 4 29 3 10 0 22 19 44 39 21 47 26 1 25 38 11 8 7 23 13 46 36 15 18 17 12 31 30 33 27 42 28 5 9 2 41 43 40 20 37 45 16 14 35

Finalny Koszt: 2652

ftv170.atsp
Finalna Droga: 161 17 38 35 34 44 47 72 82 80 79 1 112 166 106 95 94 87 70 100 121 162 164 116 122 169 0 84 65 62 68 167 74 18 21 157 52 43 60 168 51 67 69 63 61 66 88 90 92 86 85 49 2 137 126 119 128 139 15 7 9 73 142 131 113 163 99 165 101 123 105 98 96 91 154 71 56 58 41 45 36 37 50 110 93 107 130 133 111 76 11 12 16 55 54 48 81 124 120 103 104 97 108 83 78 30 28 27 29 22 33 156 57 153 89 64 53 77 3 5 160 13 20 40 46 4 149 148 136 147 146 143 140 14 25 75 170 132 115 117 118 102 127 144 141 134 6 31 42 39 155 59 109 114 135 138 129 125 145 151 152 8 10 19 32 158 24 159 23 26 150 161

Finalny Koszt: 9899




rbg403.atsp
Finalna Droga: 258 385 222 250 229 225 164 355 179 148 147 217 384 118 64 365 311 242 276 170 115 131 0 38 270 251 391 154 262 66 6 175 228 71 234 339 114 69 79 240 219 325 246 392 249 19 124 1 314 340 17 117 310 216 211 281 106 359 183 85 140 393 167 260 77 358 46 139 245 286 116 333 57 88 43 145 188 173 268 132 235 357 322 159 94 78 382 256 120 287 49 273 373 45 39 176 252 368 136 50 394 353 180 269 4 284 348 279 364 75 352 169 312 204 316 343 129 138 248 215 174 166 199 95 10 41 388 313 59 303 236 289 195 324 109 341 87 261 68 152 27 18 265 213 345 28 11 76 400 190 121 374 356 342 372 278 186 8 336 90 191 253 378 297 141 55 218 84 327 239 80 122 172 110 91 42 187 361 63 224 134 306 29 105 330 31 214 133 321 51 371 293 137 44 208 334 332 37 288 259 92 299 238 93 383 67 189 81 231 100 144 163 16 272 62 13 205 227 212 387 48 328 83 184 151 181 9 255 247 315 103 26 331 323 52 305 89 194 156 7 363 119 309 157 108 275 308 5 397 379 111 344 304 294 98 65 56 226 149 161 221 34 33 73 375 192 338 233 386 2 318 143 86 200 266 244 203 295 171 290 207 398 264 274 257 123 96 367 15 337 153 32 112 351 243 54 307 20 21 130 97 346 40 158 209 3 47 280 12 128 185 125 296 155 30 237 267 395 135 329 70 74 168 232 241 206 72 198 285 271 107 350 160 25 376 104 389 360 401 302 369 82 113 347 263 99 60 150 300 101 366 292 298 61 381 162 254 102 35 36 23 14 319 178 210 335 377 283 277 177 127 396 370 399 402 58 220 349 202 165 301 390 193 24 291 362 201 146 320 196 53 354 22 230 380 223 142 197 126 282 317 182 326 258

Finalny Koszt: 4029